101.802
101.802
101.802
101.802
101.802
101.802
108.709
108.709
108.709
108.709
108.709
108.709
108.709
108.709
108.709
115.766
115.766
115.766
115.766
115.766
115.766
115.766
115.766
256.156
263.213
263.213
263.213
263.213
263.213
263.213
263.213
263.213
270.27
270.27
270.27
270.27
270.27
270.27
270.27
270.27
270.27
277.177
277.177
277.177
277.177
277.177
424.925
424.925
424.925
424.925
424.925
424.925
424.925
431.982
431.982
431.982
431.982
431.982
431.982
431.982
431.982
431.982
439.039
439.039
439.039
439.039
586.637
586.637
586.637
586.637
586.637
586.637
586.637
586.637
593.844
593.844
593.844
593.844
593.844
593.844
593.844
593.844
593.844
601.201
601.201
601.201
741.892
748.799
748.799
748.799
748.799
748.799
748.799
748.799
748.799
748.799
755.856
755.856
755.856
755.856
755.856
755.856
755.856
755.856
755.856
762.913
762.913
910.21
910.21
910.21
910.21
910.21
910.21
910.21
917.267
917.267
917.267
917.267
917.267
917.267
917.267
917.267
925.375
917.267
917.267
925.375
925.375
925.375
1064.71
1071.622
1071.622
1071.622
1071.622
1071.622
1071.622
1071.622
1071.622
1071.622
1078.679
1078.679
1078.679
1078.679
1078.679
1078.679
1078.679
1078.679
1085.736
1085.736
1085.736